5
6
8
13
14
16
20
26
27
28
34
36
37
40
41
45
49
50
52
53
54
59
60
61
64
70
75
76
82
83
85
86
89
91
97
102
103
108
109
117
121
124
130
132
135
136
148
152
159
160
162
163
165
166
170
179
184
186
187
199
204
205
210
211
215
218
221
232
233
235
238
247
252
259
271
275
281
285
289
291
292
296
298
299
302
303
304
305
310
311
314
316
317
325
326
331
332
333
335
339
340
342
347
349
354
358
362
369
375
379
380
381
384
386
393
397
399
405
406
408
413
414
420
423
427
433
434
441
446
448
449
450
453
457
463
469
470
475
481
484
486
491
493
495
498
499
502
504
510
524
526
529
532
540
541
542
543
544
545
550
551
554
559
560
565
569
571
576
578
579
583
584
589
598
603
612
618
627
632
633
636
637
645
646
648
650
651
658
674
675
679
682
683
684
685
688
694
695
707
708
718
721
726
727
730
732
738
739
742
748
755
756
763
766
768
769
775
776
777
779
784
787
788
790
793
801
802
808
811
812
814
819
820
822
823
826
828
831
832
835
836
838
843
844
845
848
849
852
859
860
867
872
875
879
885
886
896
900
903
904
905
907
909
921
923
928
931
933
948
954
955
958
966
970
971
972
976
982
984
985
987
988
993
997
1000
1001
1002
1006
1009
1010
1016
1020
1021
1027
1032
1035
1036
1038
1039
1041
1042
1047
1056
1063
1066
1067
1068
1070
1071
1074
1081
1090
1099
1103
1108
1110
1119
1122
1125
1128
1129
1135
1147
1148
1149
1150
1162
1168
1169
1171
1174
1175
1176
1177
1179
1182
1185
1199
1200
1205
1206
1208
1210
1211
1214
1222
1223
1228
1234
1237
1243
1245
1247
1249
1250
1252
1257
1259
1263
1264
1267
1272
1273
1274
1276
1282
1286
1287
1288
1294
1295
1300
1303
1304
1306
1307
1309
1323
1324
1325
1329
1330
1331
1348
1349
1351
1354
1368
1372
1373
1375
1376
1380
1385
1386
1405
1406
1410
1413
1416
1419
1421
1422
1425
1426
1427
1431
1440
1444
1445
1461
1463
1467
1468
1474
1475
1476
1477
1478
1480
1482
1485
1501
1504
1510
