2
7
11
17
24
31
32
33
35
42
44
46
51
57
58
62
63
66
68
69
71
73
74
81
87
88
90
92
98
101
120
122
128
134
137
138
149
158
167
172
175
178
181
183
190
194
196
203
207
208
220
234
241
245
246
256
264
268
270
272
274
286
287
290
301
309
313
315
320
321
322
323
324
336
338
341
346
351
355
356
357
361
364
374
389
402
404
409
416
419
422
424
428
429
432
436
447
452
455
458
459
462
474
480
483
489
500
501
506
516
517
539
546
547
548
549
557
563
564
567
568
570
587
588
592
593
594
595
600
601
602
604
606
607
610
611
615
617
621
631
634
635
638
639
649
652
653
662
663
667
668
672
673
681
699
706
725
728
733
734
747
762
764
767
770
771
773
780
794
795
806
807
810
816
818
825
830
834
837
851
853
856
858
865
866
871
873
878
884
888
893
894
898
899
908
910
913
916
919
920
922
924
934
935
940
941
950
957
965
977
983
989
994
1008
1014
1015
1022
1023
1029
1034
1040
1046
1053
1055
1064
1065
1072
1073
1076
1083
1091
1094
1098
1107
1114
1116
1121
1124
1127
1133
1134
1137
1144
1145
1146
1153
1155
1156
1160
1161
1163
1166
1172
1187
1198
1209
1220
1221
1231
1232
1233
1242
1244
1251
1262
1268
1270
1271
1285
1291
1292
1293
1297
1301
1302
1311
1313
1318
1321
1322
1334
1338
1343
1344
1345
1346
1347
1356
1357
1358
1363
1366
1367
1369
1370
1371
1379
1381
1384
1387
1388
1390
1397
1398
1400
1403
1404
1411
1412
1415
1418
1420
1423
1424
1428
1430
1443
1447
1449
1451
1452
1453
1457
1458
1460
1462
1465
1466
1471
1472
1481
1483
1484
1487
1489
1490
1492
1493
1495
1505
1507
1509
1512
