1
4
10
12
15
19
22
23
25
29
38
39
43
48
55
65
67
77
78
80
84
94
99
100
105
107
110
112
113
114
118
125
127
129
131
139
141
142
144
145
147
151
154
155
157
164
168
169
171
176
182
185
189
192
193
195
198
200
202
212
214
225
226
228
230
231
236
237
242
248
250
251
254
255
258
260
262
266
267
269
277
278
279
280
282
283
288
293
295
297
306
307
308
312
318
328
329
330
334
343
345
352
353
360
367
368
370
371
372
373
376
382
383
385
388
392
396
398
400
401
407
410
415
417
418
426
431
440
443
445
451
454
460
461
464
466
468
471
473
476
477
478
482
485
487
488
490
492
496
497
503
505
507
508
514
515
519
522
523
525
530
531
535
552
553
558
561
566
572
573
577
580
582
590
597
599
605
608
613
616
619
620
622
623
625
626
629
641
643
644
647
656
659
661
666
669
677
687
689
691
696
697
702
704
709
710
712
713
715
716
717
719
720
723
729
731
736
737
740
744
746
751
752
753
754
758
759
760
774
778
782
783
785
786
789
792
797
799
813
821
827
829
833
840
841
842
846
847
863
868
869
870
880
881
882
883
887
889
890
891
895
897
901
902
912
914
925
930
937
939
943
946
947
949
959
960
961
963
968
973
975
979
981
986
990
992
995
999
1003
1005
1007
1011
1018
1019
1026
1031
1033
1043
1045
1049
1050
1051
1057
1062
1069
1075
1077
1078
1084
1085
1092
1093
1096
1100
1101
1102
1105
1109
1111
1112
1117
1118
1120
1123
1130
1131
1136
1140
1143
1151
1157
1159
1165
1167
1170
1178
1180
1181
1183
1184
1186
1189
1193
1196
1202
1204
1207
1213
1216
1219
1224
1225
1226
1227
1230
1235
1236
1240
1246
1248
1255
1256
1258
1260
1261
1266
1275
1277
1279
1281
1289
1296
1299
1305
1315
1316
1320
1327
1328
1333
1337
1340
1341
1342
1350
1353
1360
1361
1362
1365
1374
1377
1378
1392
1394
1395
1396
1402
1407
1408
1417
1432
1433
1435
1437
1438
1439
1441
1442
1446
1450
1459
1473
1479
1486
1494
1498
1500
