2
22
31
32
38
39
41
45
47
50
62
69
71
79
80
88
89
98
110
111
113
116
120
123
131
137
140
142
143
149
150
152
157
158
159
160
161
166
167
176
184
188
194
197
201
205
210
211
215
231
233
239
242
250
251
261
263
267
272
275
281
284
288
291
321
324
327
329
335
336
338
339
344
347
350
360
362
374
378
384
390
394
397
399
401
403
406
407
420
423
434
436
438
439
440
441
452
458
462
466
468
469
471
473
479
482
486
488
489
497
499
501
504
512
517
519
523
528
530
533
537
545
555
560
564
565
567
568
571
583
588
589
593
594
596
598
607
624
637
639
648
650
656
661
667
672
680
691
700
703
704
709
718
730
731
734
735
740
747
748
752
754
755
765
769
770
775
776
786
791
795
796
800
801
802
803
811
827
830
832
835
836
839
840
842
845
847
848
851
854
855
865
872
877
881
887
894
901
902
903
905
912
914
916
921
927
928
932
933
936
938
939
941
943
944
951
957
958
960
962
968
971
990
992
998
1004
1007
1008
1019
1028
1037
1042
1045
1048
1051
1053
1060
1064
1066
1073
1077
1078
1090
1104
1111
1115
1116
1126
1134
1138
1140
1142
1144
1156
1157
1160
1171
1179
1183
1185
1190
1191
1192
1193
1194
1208
1211
1216
1221
1225
1226
1227
1231
1234
1244
1259
1272
1274
1279
1286
1289
1292
1294
1298
1299
1302
1306
1317
1322
1325
1328
1329
1332
1344
1350
1353
1359
1370
1371
1376
1386
1387
1409
1416
1417
1418
1419
1427
1433
1434
1437
1438
1440
1457
1458
1461
1462
1463
1464
1465
1470
1471
1472
1474
1476
1477
1480
1481
1485
1487
1491
1501
1504
1505
1508
1509
1519
1522
1523
1532
1533
1537
1538
1542
1543
1551
1569
1576
1595
1598
1603
1604
1617
1632
1634
1637
1640
1641
1643
1650
1664
1665
1676
1677
1686
1688
1695
1700
1704
1707
1721
1723
1726
1728
1735
1736
1741
1743
1748
1754
1758
1763
1764
1768
1769
1778
1780
1783
1786
1789
1790
1792
1794
1804
1805
1810
1811
1820
1827
1835
1847
1853
1859
1864
1878
1884
1885
1892
1893
1899
1904
1910
1916
1923
1925
1934
1935
1942
1943
1946
1953
1959
1961
1964
1968
1977
1984
1986
1991
1994
1997
2003
2004
2007
2014
2015
2016
2023
2025
2026
2030
2031
2033
2036
2042
2057
2068
2079
2090
2091
2101
2102
2103
2112
2114
2121
2132
2138
2140
2141
2155
2161
2162
2163
2167
2171
2172
2181
2183
2188
2191
2192
2204
2208
2213
2214
2215
2216
2217
2226
2227
2228
2233
2236
2237
2239
2240
2241
2249
2251
2254
2257
2258
2260
2267
2268
2270
2273
2274
2281
2282
2285
2288
2290
2293
2294
2298
2300
2304
2313
2317
2319
2321
2322
2323
2327
2328
2330
2332
2335
2336
2342
2351
2353
2354
2357
2359
2360
2362
2363
2365
2375
2377
2379
2382
2385
2387
2392
2395
2399
2404
2405
2407
2425
2430
2438
2440
2441
2444
2446
2448
2456
2457
2464
2476
2482
2487
2490
2494
2499
2502
2506
2507
2519
2530
2538
2541
2543
2545
2547
2552
2554
2557
2559
2561
2562
2563
2570
2579
2582
2584
2590
2594
2606
2615
2618
2628
2633
2634
2639
2645
2648
2649
2651
2656
2658
2660
2667
2672
2674
2682
2692
2693
2699
2703
2705
2714
2725
2733
2734
2743
2746
2749
2750
2753
2779
2780
2781
2783
2786
2790
2793
2801
2809
2816
2823
2830
2839
2840
2841
2843
2844
2846
2853
2856
2860
2861
2862
2867
2869
2870
2871
2880
2882
2884
2888
2894
2895
2904
2905
2907
2908
2911
2912
2917
2919
2922
2930
2933
2943
2945
2946
2961
2963
2970
2973
2975
2980
2983
2987
2988
2994
3010
3017
3032
3035
3041
3049
3051
3055
3064
3073
3074
3076
3084
3089
3099
3102
3104
3107
3110
3118
3120
3122
3126
3134
3141
3160
3173
3184
3192
3200
3201
3206
3207
3211
3212
3213
3220
3231
3236
3242
3253
3255
3271
3273
3275
3280
3288
3302
3305
3313
3316
3319
3328
3335
3344
3346
3349
3350
3357
3363
3367
3369
3370
3373
3375
3380
3386
3411
3415
3416
3419
3424
3428
3431
3435
3442
3447
3450
3455
3463
3464
3466
3470
3471
3476
3479
3480
3482
3485
3486
3488
3491
3494
3497
3509
3521
3533
3536
3539
3547
3551
3557
3560
3563
3567
3569
3572
3575
3583
3584
3585
3586
3590
3594
3599
3603
3608
3609
3614
3615
3616
3617
3620
3624
3631
3632
3641
3648
3657
3659
3663
3666
3668
3674
3677
3685
3686
3692
3703
3704
3707
3710
3712
3714
3715
3716
3719
3721
3722
3732
3733
3744
3750
3752
3755
3758
3763
3764
3769
3772
3776
3777
3778
3779
3786
3791
3793
3799
3800
3812
3815
3818
3819
3821
3824
3828
3831
3832
3833
3834
3837
3838
3839
3844
3847
3848
3854
3863
3866
3867
3869
3870
3879
3887
3892
3893
3899
3902
3906
3909
3911
3920
3935
3938
3939
3941
3946
3959
3960
3966
3967
3976
3977
3980
3983
3986
3988
3990
3992
4008
4010
4021
4022
4026
4027
4028
4029
4031
4034
4040
4046
4053
4055
4061
4064
4073
4079
4082
4088
4091
4093
4094
4097
4107
4120
4128
4136
4139
4146
4148
4149
4154
4157
4159
4165
4166
4170
4177
4178
4191
4193
4199
4203
4211
4215
4220
4224
4226
4229
4232
4233
4235
4239
4240
4244
4247
4249
4260
4262
4268
4270
4274
4275
4287
4292
4297
4308
4316
4320
4329
4337
4341
4343
4349
4353
4359
4362
4365
4366
4367
4369
4373
4376
4383
4389
4392
4397
4406
4409
4412
4418
4421
4424
4427
4433
4435
4437
4442
4451
4457
4462
4463
4464
4470
4477
4480
4484
4486
4490
4497
4509
4512
4515
4517
4519
4524
4526
4530
4533
4544
4566
4571
4573
4580
4583
4587
4590
4595
4598
4602
4603
4613
4614
4619
4625
4626
4628
4640
4642
4643
4644
4650
4652
4654
4661
4672
4679
4689
4700
4701
4704
4708
4711
4719
4721
4731
4733
4736
4738
4741
4744
4746
4749
4753
4760
4764
4771
4790
4796
4798
4799
4805
4832
4839
4841
4850
4852
4853
4854
4866
4874
4875
4883
4884
4889
4894
4908
4909
4915
4917
4922
4923
4925
4933
4935
4943
4946
4952
4954
4956
4962
4967
4970
4973
4980
4986
4987
4991
4992
4995
5000
5028
5031
5033
5034
5038
5041
5042
5049
5050
5054
5057
5072
5076
5078
5080
5081
5086
5087
5091
5094
5100
5117
5118
5120
5121
5124
5129
5132
5136
5144
5156
5160
5163
5165
5168
5171
5175
5186
5187
5189
5193
5196
5201
5213
5214
5222
5223
5228
5232
5233
5235
5237
5249
5253
5255
5262
5263
5265
5276
5279
5280
5284
5285
5288
5290
5295
5302
5303
5307
5308
5313
5314
5315
5318
5327
5333
5341
5343
5346
5348
5350
5354
5355
5357
5361
5371
5372
5379
5383
5388
5390
5404
5408
5409
5410
5420
5421
5426
5439
5444
5446
5447
5448
5450
5475
5482
5483
5491
5497
5504
5505
5507
5519
5525
5539
5545
5551
5552
5553
5556
5557
5561
5568
5571
5572
5574
5585
5586
5587
5590
5591
5592
5594
5595
5603
5610
5616
5621
5628
5629
5631
5633
5643
5654
5657
5663
5676
5677
5678
5679
5689
5690
5691
5706
5713
5719
5720
5723
5726
5733
5738
5739
5740
5747
5758
5759
5760
5766
5772
5774
5777
5781
5782
5791
5795
5804
5807
5810
5811
5814
5825
5828
5829
5831
5835
5843
5847
5849
5856
5865
5885
5895
5907
5917
5919
5921
5923
5925
5931
5935
5946
5949
5958
5965
5969
5970
5981
5984
5987
5988
5994
5996
5997
5998
6002
6009
6014
6017
6022
6026
6028
6030
6050
6059
6060
6070
6071
6077
6078
6100
6101
6102
6104
6110
6113
6126
6128
6129
6132
6134
6135
6136
6140
6145
6147
6152
6153
6157
6159
6167
6172
6180
6187
6190
6193
6194
6195
6198
6218
6221
6231
6233
6245
6247
6272
6275
6286
6290
6302
6303
6304
6306
6307
6312
6315
6323
6328
6331
6332
6340
6341
6342
6348
6366
6367
6368
6369
6374
6377
6386
6395
6407
6418
6419
6431
6432
6438
6440
6444
6446
6449
6452
6465
6477
6478
6499
6500
6512
6519
6521
6522
6524
6527
6528
6529
6530
6536
6539
6548
6550
6554
6560
6562
6563
6564
6565
6566
6569
6571
6572
6575
6590
6599
6604
6605
6606
6611
6614
6618
6620
6621
6634
6638
6641
6643
6647
6649
6656
6657
6671
6672
6676
6678
6680
6683
6686
6687
6689
6690
6692
6694
6695
6698
6701
6704
6707
6710
6713
6716
6739
6741
6758
6764
6767
6770
6773
6776
6782
6786
6788
6789
6791
6796
6797
6800
6810
6815
6820
6823
6824
6840
6845
6852
6854
6857
6884
6889
6890
6892
6896
6902
6903
6908
6919
6924
6925
6932
6934
6936
6944
6951
6952
6953
6956
6957
6968
6975
6980
6987
6988
6991
7000
7003
7006
7007
7010
7016
7029
7034
7036
7037
7039
7040
7041
7044
7046
7058
7063
7064
7066
7072
7078
7079
7080
7085
7091
7094
7097
7100
7104
7105
7108
7111
7117
7118
7127
7133
7136
7139
7145
7148
7149
7150
7151
7154
7157
7165
7169
7171
7174
7175
7178
7187
7200
7206
7230
7235
7238
7248
7250
7251
7253
7257
7262
7265
7268
7272
7277
7278
7286
7292
7293
7304
7316
7325
7328
7331
7334
7340
7346
7348
7358
7361
7363
7375
7381
7392
7400
7403
7410
7416
7417
7422
7423
7424
7426
7435
7437
7447
7450
7456
7459
7470
7471
7475
7477
7479
7484
7485
7486
7487
7488
7497
7498
7501
7502
7506
7512
7513
7515
7517
7520
7522
7529
7539
7542
7546
7547
7550
7560
7566
7583
7594
7606
7607
7616
7618
7625
7630
7631
7633
7636
7639
7648
7655
7664
7666
7691
7698
7703
7719
7722
7724
7726
7737
7745
7750
7753
7754
7757
7768
7772
7782
7790
7793
7794
7797
7799
7800
7804
7806
7819
7824
7825
7828
7841
7850
7851
7859
7867
7884
7887
7890
7901
7903
7904
7907
7915
7917
7921
7928
7931
7935
7937
7938
7944
7949
7955
7956
7957
7958
7959
7964
7971
7978
7980
7987
7988
7991
7993
7995
8000
8004
8008
8011
8014
8016
8019
8022
8027
8045
8051
8054
8056
8060
8063
8070
8071
8075
8076
8095
8096
8097
8098
8100
8102
8108
8110
8111
8113
8119
8130
8132
8135
8144
8153
8160
8164
8166
8177
8180
8186
8192
8194
8196
8203
8205
8211
8216
8218
8221
8225
8227
8229
8249
8256
8258
8260
8276
8279
8281
8282
8291
8312
8317
8319
8328
8330
8334
8336
8341
8343
8355
8357
8365
8367
8370
8376
8384
8390
8393
8394
8397
8403
8405
8406
8414
8421
8437
8440
8441
8443
8444
8445
8461
8463
8470
8475
8476
8481
8488
8490
8499
8509
8515
8518
8520
8522
8525
8534
8535
8537
8543
8546
8548
8557
8562
8564
8567
8571
8576
8585
8591
8608
8610
8613
8624
8625
8626
8627
8639
8646
8651
8676
8681
8682
8684
8690
8693
8695
8697
8698
8701
8704
8705
8707
8717
8741
8743
8745
8758
8759
8762
8771
8772
8775
8781
8788
8789
8798
8800
8801
8802
8818
8826
8831
8838
8840
8847
8854
8855
8857
8862
8864
8867
8891
8902
8904
8911
8913
8915
8917
8924
8927
8956
8957
8958
8984
8986
8989
8991
8993
8995
8999
9006
9010
9011
9012
9014
9019
9020
9029
9030
9034
9035
9037
9038
9048
9052
9056
9070
9078
9081
9083
9084
9092
9097
9098
9107
9112
9114
9116
9119
9128
9137
9152
9154
9156
9162
9168
9171
9175
9188
9196
9197
9198
9201
9203
9210
9216
9218
9221
9233
9253
9254
9259
9260
9266
9269
9274
9280
9293
9296
9302
9305
9306
9315
9332
9333
9335
9341
9342
9344
9345
9346
9377
9378
9380
9384
9385
9390
9392
9393
9400
9401
9402
9408
9410
9413
9416
9422
9425
9426
9434
9441
9449
9450
9452
9458
9466
9467
9469
9473
9476
9494
9502
9505
9506
9520
9525
9530
9539
9545
9549
9555
9558
9559
9563
9564
9566
9575
9576
9579
9582
9586
9587
9588
9594
9599
9604
9605
9607
9608
9612
9615
9617
9626
9627
9646
9655
9660
9664
9673
9683
9684
9688
9689
9690
9691
9694
9703
9704
9713
9717
9719
9733
9737
9738
9740
9743
9744
9748
9762
9767
9770
9771
9785
9787
9789
9802
9809
9819
9822
9823
9827
9835
9838
9840
9848
9850
9857
9860
9861
9862
9864
9865
9866
9881
9887
9890
9897
9902
9903
9904
9906
9907
9910
9912
9914
9920
9921
9925
9929
9930
9936
9945
9949
9952
9956
9960
9973
9977
9984
9992
9995
9996
9998
10001
10003
10013
10015
10019
10020
10037
10055
10056
10063
10073
10074
10078
10080
10081
10082
10099
10100
10102
10105
10107
10111
10113
10115
10118
10141
10146
10154
10155
10166
10172
10175
10184
10187
10191
10194
10204
10208
10213
10215
10217
10219
10229
10230
10234
10237
10238
10242
10252
10254
10260
10265
10268
10270
