1
4
5
6
7
8
12
13
14
15
16
17
19
20
21
27
30
37
43
44
46
51
52
53
54
60
63
73
91
92
94
102
108
122
130
133
136
148
153
163
165
169
174
175
178
179
186
196
199
200
202
204
213
220
221
222
223
224
225
227
232
236
237
238
240
241
243
244
245
247
248
253
254
256
257
258
260
271
277
279
280
282
283
286
287
292
295
296
299
301
302
304
305
307
309
312
316
318
320
322
325
333
334
352
355
357
361
366
371
376
379
381
388
393
395
398
400
404
410
412
414
415
419
428
433
435
444
445
448
450
457
460
461
463
464
470
472
474
476
478
481
485
492
494
496
503
508
511
514
518
521
522
529
536
539
546
548
549
552
554
557
563
574
575
577
580
585
586
599
603
604
611
614
616
617
618
619
620
621
626
627
630
634
636
640
642
643
645
652
665
670
673
676
677
683
684
685
695
697
707
708
711
712
714
716
717
719
721
723
724
725
728
733
736
738
743
744
745
746
751
753
757
760
761
780
783
790
807
808
813
814
817
821
822
823
824
825
829
831
833
841
844
853
861
864
866
868
871
874
880
882
885
889
892
893
895
899
908
909
913
918
925
935
947
948
950
954
964
969
970
975
977
980
982
983
984
988
995
997
999
1001
1009
1011
1012
1014
1015
1017
1021
1024
1025
1027
1034
1038
1039
1041
1046
1052
1055
1059
1062
1063
1065
1070
1072
1082
1084
1095
1096
1098
1100
1101
1106
1107
1112
1118
1120
1121
1124
1125
1128
1130
1132
1136
1137
1139
1147
1148
1149
1150
1152
1153
1158
1163
1165
1167
1176
1177
1178
1182
1188
1198
1199
1200
1204
1213
1215
1222
1223
1230
1237
1238
1240
1241
1242
1243
1246
1252
1253
1255
1258
1262
1266
1268
1270
1271
1277
1280
1285
1287
1288
1296
1301
1310
1313
1315
1321
1324
1330
1331
1334
1336
1338
1341
1343
1346
1347
1348
1352
1355
1357
1358
1360
1362
1366
1367
1373
1375
1377
1378
1384
1385
1389
1392
1393
1395
1400
1401
1405
1422
1423
1428
1431
1436
1442
1443
1447
1450
1460
1467
1469
1475
1478
1483
1486
1489
1490
1492
1493
1495
1496
1499
1511
1513
1514
1517
1526
1529
1531
1536
1539
1547
1557
1559
1561
1566
1567
1572
1574
1579
1580
1582
1583
1585
1586
1587
1589
1590
1593
1599
1601
1606
1607
1610
1614
1616
1621
1622
1623
1624
1628
1629
1630
1644
1648
1652
1653
1655
1656
1659
1662
1667
1669
1683
1691
1697
1699
1703
1708
1710
1711
1712
1716
1717
1733
1738
1739
1740
1750
1751
1752
1753
1757
1759
1760
1761
1765
1767
1771
1772
1782
1784
1795
1800
1807
1809
1813
1816
1817
1819
1829
1830
1831
1833
1838
1843
1845
1849
1851
1856
1860
1862
1865
1869
1873
1875
1877
1881
1888
1889
1896
1901
1903
1913
1915
1919
1920
1921
1927
1932
1939
1945
1947
1948
1954
1955
1962
1963
1966
1970
1971
1972
1975
1979
1981
1982
1987
1988
1990
1993
2000
2001
2006
2010
2013
2021
2027
2029
2035
2037
2040
2048
2050
2051
2053
2054
2056
2059
2063
2066
2072
2074
2077
2083
2086
2089
2094
2095
2096
2097
2100
2105
2106
2110
2116
2118
2125
2126
2128
2130
2131
2136
2145
2147
2149
2151
2159
2166
2169
2175
2185
2186
2190
2197
2198
2203
2207
2210
2211
2212
2220
2223
2230
2231
2232
2235
2244
2247
2248
2262
2264
2265
2266
2272
2277
2278
2287
2302
2303
2305
2307
2308
2309
2311
2312
2316
2320
2329
2343
2349
2356
2364
2368
2370
2384
2397
2402
2409
2410
2411
2413
2414
2417
2418
2419
2422
2424
2431
2433
2447
2449
2450
2453
2459
2460
2467
2471
2473
2477
2479
2480
2483
2486
2492
2503
2505
2511
2514
2517
2521
2522
2525
2526
2534
2535
2537
2542
2551
2565
2566
2568
2569
2573
2574
2575
2576
2578
2581
2587
2589
2592
2593
2595
2597
2598
2603
2608
2609
2613
2614
2621
2622
2624
2626
2627
2631
2632
2636
2637
2641
2655
2661
2662
2663
2664
2665
2666
2671
2677
2679
2685
2687
2688
2689
2691
2707
2708
2711
2720
2728
2729
2740
2741
2742
2747
2755
2757
2760
2763
2764
2765
2767
2769
2770
2771
2773
2774
2776
2789
2795
2797
2799
2803
2804
2807
2808
2814
2818
2819
2820
2822
2824
2826
2829
2833
2834
2836
2842
2849
2852
2855
2868
2873
2875
2878
2890
2891
2896
2898
2900
2901
2903
2906
2910
2913
2915
2921
2925
2932
2937
2938
2940
2947
2948
2952
2953
2954
2957
2964
2966
2968
2972
2976
2981
2986
2990
2992
2996
2998
2999
3001
3002
3005
3007
3009
3013
3019
3020
3022
3029
3034
3038
3040
3043
3044
3045
3046
3048
3053
3054
3060
3061
3062
3068
3070
3072
3079
3081
3083
3087
3088
3090
3092
3093
3095
3097
3101
3106
3109
3111
3115
3116
3123
3132
3136
3140
3143
3145
3146
3148
3151
3153
3155
3161
3163
3166
3170
3171
3172
3175
3176
3177
3183
3188
3190
3194
3195
3197
3203
3204
3205
3215
3218
3219
3225
3229
3232
3233
3239
3245
3248
3249
3250
3252
3258
3259
3261
3262
3264
3267
3270
3277
3279
3282
3283
3286
3291
3292
3297
3298
3304
3308
3311
3312
3322
3326
3331
3333
3334
3342
3358
3359
3360
3362
3374
3378
3379
3383
3385
3387
3388
3394
3397
3398
3399
3401
3402
3405
3407
3408
3409
3412
3413
3417
3420
3421
3426
3427
3433
3438
3441
3444
3445
3449
3452
3454
3458
3461
3474
3484
3489
3493
3500
3503
3504
3511
3512
3514
3515
3517
3519
3520
3523
3526
3528
3529
3530
3532
3535
3538
3540
3541
3544
3546
3549
3550
3555
3568
3571
3579
3582
3588
3589
3592
3596
3604
3605
3612
3613
3619
3628
3638
3639
3640
3643
3644
3646
3651
3654
3656
3660
3665
3676
3678
3684
3688
3689
3690
3694
3696
3699
3711
3718
3724
3726
3730
3731
3736
3738
3746
3747
3748
3751
3782
3783
3784
3790
3803
3804
3809
3814
3823
3826
3827
3852
3853
3855
3858
3862
3873
3877
3881
3883
3884
3886
3889
3897
3898
3913
3915
3918
3931
3933
3949
3951
3954
3964
3979
3994
3995
4000
4001
4002
4006
4012
4013
4015
4016
4018
4019
4023
4033
4044
4047
4048
4057
4067
4072
4075
4076
4086
4099
4101
4102
4105
4111
4112
4113
4117
4129
4133
4134
4137
4141
4143
4156
4158
4164
4173
4183
4184
4188
4190
4192
4194
4196
4198
4210
4231
4237
4241
4251
4254
4255
4256
4258
4265
4267
4271
4273
4277
4278
4279
4281
4284
4289
4291
4294
4301
4303
4304
4305
4307
4313
4314
4318
4323
4324
4325
4327
4340
4347
4350
4352
4355
4357
4364
4379
4382
4385
4396
4399
4401
4403
4405
4408
4410
4414
4415
4416
4426
4429
4432
4441
4444
4445
4449
4450
4452
4456
4458
4467
4473
4481
4485
4487
4492
4493
4495
4500
4501
4502
4503
4504
4507
4518
4523
4537
4538
4541
4542
4545
4546
4547
4548
4549
4550
4556
4558
4561
4563
4565
4569
4574
4576
4578
4581
4582
4585
4591
4593
4599
4605
4606
4608
4610
4611
4617
4623
4627
4631
4632
4634
4646
4648
4651
4658
4663
4665
4666
4667
4668
4671
4681
4683
4684
4691
4692
4696
4698
4703
4707
4709
4716
4718
4723
4724
4727
4730
4740
4742
4752
4756
4757
4761
4763
4775
4781
4783
4787
4793
4815
4817
4818
4819
4821
4825
4827
4828
4829
4831
4835
4837
4848
4849
4851
4855
4856
4858
4860
4861
4862
4865
4871
4873
4878
4892
4895
4899
4902
4905
4906
4911
4914
4920
4921
4926
4928
4930
4931
4939
4941
4945
4947
4950
4955
4960
4961
4972
4975
4976
4977
4978
4979
4984
4988
4993
4999
5002
5006
5007
5011
5014
5018
5021
5022
5024
5026
5036
5045
5053
5059
5060
5062
5063
5065
5066
5069
5073
5074
5082
5084
5090
5097
5104
5105
5106
5107
5110
5113
5115
5126
5127
5128
5130
5138
5139
5143
5145
5146
5147
5148
5149
5151
5152
5154
5161
5167
5178
5179
5182
5198
5199
5200
5204
5207
5208
5215
5217
5226
5234
5236
5239
5241
5242
5244
5247
5251
5252
5257
5261
5269
5271
5273
5274
5275
5282
5286
5287
5294
5299
5305
5310
5316
5319
5321
5325
5326
5329
5331
5338
5339
5342
5344
5345
5351
5353
5356
5360
5363
5369
5374
5376
5378
5385
5386
5389
5391
5394
5397
5398
5400
5403
5405
5407
5413
5415
5416
5423
5425
5432
5443
5449
5452
5458
5463
5466
5469
5470
5477
5481
5489
5494
5495
5499
5502
5503
5506
5510
5512
5516
5517
5522
5523
5529
5531
5533
5542
5547
5555
5563
5567
5570
5577
5578
5579
5580
5581
5583
5598
5599
5605
5608
5609
5614
5615
5618
5620
5625
5635
5637
5638
5639
5646
5647
5648
5649
5656
5658
5660
5665
5668
5670
5671
5672
5674
5681
5683
5685
5687
5693
5695
5696
5697
5698
5700
5701
5702
5703
5705
5708
5709
5711
5717
5728
5730
5731
5735
5737
5742
5744
5746
5755
5756
5761
5762
5763
5768
5776
5778
5780
5785
5788
5790
5796
5797
5798
5806
5808
5813
5819
5821
5823
5827
5838
5842
5851
5853
5855
5860
5870
5872
5875
5884
5886
5890
5893
5894
5899
5900
5902
5903
5904
5910
5912
5915
5918
5924
5928
5940
5942
5944
5948
5951
5952
5954
5957
5961
5963
5972
5973
5976
5977
5979
5980
5990
5992
5993
5995
5999
6005
6006
6008
6016
6018
6029
6033
6038
6044
6046
6047
6048
6051
6054
6058
6062
6066
6068
6073
6074
6079
6082
6086
6089
6090
6091
6094
6095
6097
6107
6108
6112
6115
6116
6117
6118
6120
6123
6125
6146
6149
6156
6165
6166
6168
6169
6173
6175
6177
6179
6181
6183
6184
6186
6197
6202
6205
6208
6209
6211
6212
6214
6217
6219
6220
6224
6225
6227
6229
6240
6242
6250
6253
6255
6257
6261
6263
6265
6266
6267
6268
6270
6277
6278
6279
6283
6289
6293
6298
6300
6309
6311
6314
6325
6326
6330
6334
6335
6338
6352
6353
6354
6355
6357
6360
6372
6376
6380
6381
6390
6391
6393
6399
6402
6404
6406
6409
6411
6413
6415
6417
6422
6425
6426
6430
6434
6436
6437
6451
6459
6461
6463
6468
6469
6472
6479
6481
6482
6483
6497
6498
6506
6508
6513
6515
6517
6520
6523
6543
6544
6546
6558
6559
6574
6580
6581
6583
6584
6589
6591
6595
6596
6598
6609
6610
6616
6628
6633
6640
6653
6654
6655
6659
6663
6667
6669
6670
6675
6685
6699
6715
6717
6720
6722
6726
6728
6729
6730
6731
6732
6734
6735
6736
6738
6746
6749
6751
6752
6755
6756
6757
6762
6763
6766
6769
6772
6777
6780
6783
6799
6801
6802
6808
6809
6812
6813
6819
6827
6829
6831
6832
6834
6835
6836
6838
6842
6846
6847
6851
6855
6856
6861
6862
6865
6867
6869
6872
6879
6880
6883
6885
6888
6894
6895
6899
6901
6905
6915
6921
6931
6935
6946
6948
6949
6955
6958
6963
6971
6972
6974
6978
6982
6985
6990
6992
6994
6995
6997
6998
7001
7008
7009
7015
7021
7025
7026
7032
7045
7051
7052
7053
7057
7062
7067
7071
7076
7083
7095
7096
7099
7101
7109
7113
7115
7116
7119
7120
7122
7129
7134
7135
7137
7144
7147
7163
7166
7168
7172
7177
7182
7190
7194
7197
7214
7216
7217
7219
7221
7222
7227
7234
7237
7240
7241
7243
7244
7256
7260
7261
7263
7270
7274
7276
7280
7282
7284
7285
7288
7290
7291
7295
7301
7302
7307
7309
7310
7311
7312
7313
7315
7320
7322
7329
7333
7335
7338
7341
7351
7357
7359
7369
7388
7395
7402
7405
7407
7413
7414
7420
7430
7431
7441
7442
7444
7445
7448
7453
7454
7462
7464
7468
7473
7480
7481
7483
7489
7491
7494
7495
7499
7509
7518
7519
7523
7525
7527
7531
7533
7534
7536
7537
7538
7552
7553
7555
7557
7569
7570
7572
7575
7577
7579
7587
7589
7591
7592
7593
7597
7598
7609
7610
7613
7615
7628
7634
7640
7642
7643
7644
7645
7646
7650
7654
7657
7661
7669
7671
7673
7674
7676
7693
7694
7697
7707
7708
7713
7718
7731
7734
7735
7740
7741
7742
7747
7749
7760
7767
7769
7773
7775
7781
7785
7786
7787
7788
7792
7796
7803
7810
7812
7822
7826
7829
7837
7840
7846
7847
7848
7853
7854
7856
7861
7862
7863
7866
7868
7870
7872
7873
7874
7875
7878
7889
7892
7893
7895
7896
7900
7910
7912
7916
7924
7925
7927
7929
7939
7940
7942
7952
7961
7963
7973
7982
7984
7997
7999
8001
8006
8010
8013
8017
8024
8025
8030
8031
8033
8034
8037
8041
8047
8049
8059
8069
8078
8079
8080
8081
8082
8083
8085
8088
8091
8101
8103
8104
8105
8106
8118
8120
8122
8125
8128
8131
8134
8138
8139
8140
8147
8151
8156
8161
8165
8172
8175
8182
8184
8190
8200
8201
8206
8208
8210
8213
8215
8219
8232
8236
8237
8238
8239
8242
8243
8245
8248
8250
8251
8252
8253
8254
8263
8266
8269
8273
8290
8294
8302
8305
8310
8314
8315
8316
8318
8321
8324
8327
8332
8333
8347
8361
8362
8372
8373
8380
8381
8383
8386
8387
8389
8392
8398
8399
8404
8408
8409
8410
8413
8419
8423
8426
8432
8433
8434
8447
8450
8452
8453
8456
8460
8462
8464
8467
8469
8477
8480
8485
8489
8492
8500
8502
8504
8505
8511
8523
8526
8527
8528
8539
8550
8551
8552
8553
8561
8569
8574
8578
8580
8583
8584
8586
8590
8593
8597
8599
8602
8604
8609
8615
8618
8619
8620
8622
8629
8630
8633
8634
8635
8636
8637
8642
8644
8647
8655
8657
8663
8664
8666
8667
8671
8678
8683
8686
8689
8710
8711
8712
8714
8718
8722
8723
8724
8726
8728
8729
8730
8736
8739
8746
8749
8750
8751
8753
8754
8756
8761
8764
8765
8767
8768
8776
8779
8780
8784
8787
8790
8796
8797
8799
8804
8805
8807
8810
8811
8812
8813
8814
8816
8821
8822
8824
8829
8834
8835
8842
8843
8846
8850
8851
8865
8870
8872
8873
8876
8877
8878
8880
8882
8885
8888
8893
8895
8898
8900
8906
8908
8918
8920
8921
8923
8926
8931
8932
8933
8934
8935
8937
8939
8940
8941
8942
8944
8945
8946
8948
8949
8954
8955
8961
8962
8963
8968
8969
8974
8983
8990
8992
9000
9007
9009
9015
9017
9023
9024
9033
9040
9041
9044
9047
9050
9055
9061
9063
9065
9067
9068
9072
9075
9086
9087
9096
9099
9101
9102
9103
9105
9111
9113
9120
9122
9123
9125
9127
9130
9136
9138
9141
9144
9147
9148
9151
9155
9159
9161
9164
9166
9179
9181
9187
9190
9193
9200
9206
9208
9209
9212
9213
9219
9220
9223
9226
9227
9230
9231
9232
9236
9238
9239
9240
9245
9247
9258
9265
9267
9268
9271
9272
9275
9277
9279
9281
9284
9285
9286
9287
9289
9290
9291
9297
9298
9299
9307
9309
9312
9317
9318
9319
9320
9321
9325
9326
9328
9330
9334
9338
9340
9343
9348
9349
9351
9353
9354
9356
9359
9360
9361
9367
9372
9374
9375
9382
9386
9394
9395
9397
9399
9403
9406
9407
9411
9419
9420
9424
9430
9431
9433
9437
9443
9446
9447
9453
9455
9457
9461
9462
9464
9481
9486
9488
9490
9491
9492
9496
9499
9500
9507
9509
9511
9514
9515
9519
9524
9526
9532
9533
9534
9537
9538
9543
9547
9552
9554
9557
9568
9569
9573
9574
9578
9581
9583
9591
9593
9601
9610
9611
9614
9616
9621
9622
9623
9624
9628
9631
9632
9635
9637
9639
9641
9642
9644
9649
9650
9651
9657
9658
9663
9668
9670
9671
9677
9678
9680
9681
9698
9701
9706
9707
9709
9710
9716
9721
9722
9725
9730
9736
9755
9758
9759
9761
9764
9765
9769
9792
9801
9805
9808
9815
9817
9828
9831
9832
9833
9834
9837
9839
9845
9846
9847
9854
9863
9869
9871
9873
9874
9878
9885
9889
9895
9896
9901
9909
9918
9923
9933
9934
9940
9942
9943
9946
9954
9955
9959
9963
9964
9965
9969
9971
9972
9976
9979
9982
9986
9987
9989
9991
10006
10007
10009
10011
10018
10022
10025
10027
10028
10031
10034
10036
10040
10041
10043
10045
10046
10048
10053
10057
10060
10061
10062
10066
10068
10070
10072
10079
10087
10088
10089
10090
10094
10095
10097
10110
10117
10119
10124
10126
10128
10135
10138
10148
10150
10151
10153
10156
10157
10158
10159
10160
10162
10164
10168
10169
10171
10180
10183
10186
10188
10193
10196
10197
10199
10200
10201
10202
10205
10207
10211
10214
10218
10222
10226
10227
10228
10235
10244
10245
10247
10248
10255
10257
10263
10269
10271
10272
