3
9
18
21
30
47
56
72
79
93
95
96
104
106
111
115
116
119
123
126
133
140
143
146
150
153
156
161
173
174
177
180
188
191
197
201
206
209
213
216
217
219
222
223
224
227
229
239
240
243
244
249
253
257
261
263
265
273
276
284
294
300
319
327
337
344
348
350
359
363
365
366
377
378
387
390
391
394
395
403
411
412
421
425
430
435
437
438
439
442
444
456
465
467
472
479
494
509
511
512
513
518
520
521
527
528
533
534
536
537
538
555
556
562
574
575
581
585
586
591
596
609
614
624
628
630
640
642
654
655
657
660
664
665
670
671
676
678
680
686
690
692
693
698
700
701
703
705
711
714
722
724
735
741
743
745
749
750
757
761
765
772
781
791
796
798
800
803
804
805
809
815
817
824
839
850
854
855
857
861
862
864
874
876
877
892
906
911
915
917
918
926
927
929
932
936
938
942
944
945
951
952
953
956
962
964
967
969
974
978
980
991
996
998
1004
1012
1013
1017
1024
1025
1028
1030
1037
1044
1048
1052
1054
1058
1059
1060
1061
1079
1080
1082
1086
1087
1088
1089
1095
1097
1104
1106
1113
1115
1126
1132
1138
1139
1141
1142
1152
1154
1158
1164
1173
1188
1190
1191
1192
1194
1195
1197
1201
1203
1212
1215
1217
1218
1229
1238
1239
1241
1253
1254
1265
1269
1278
1280
1283
1284
1290
1298
1308
1310
1312
1314
1317
1319
1326
1332
1335
1336
1339
1352
1355
1359
1364
1382
1383
1389
1391
1393
1399
1401
1409
1414
1429
1434
1436
1448
1454
1455
1456
1464
1469
1470
1488
1491
1496
1497
1499
1502
1503
1506
1508
1511
