2
5
9
11
15
18
30
33
35
39
44
46
56
62
66
71
72
75
78
86
94
95
98
101
104
106
111
112
124
125
127
128
129
133
136
137
138
144
146
148
151
153
156
159
162
164
165
167
177
182
189
192
203
206
210
214
215
216
219
222
227
231
236
245
255
256
257
258
259
261
266
270
275
280
282
290
296
300
303
310
311
317
319
320
327
329
332
335
337
339
341
344
355
356
357
367
368
380
387
391
393
401
404
408
411
413
417
420
425
429
436
441
442
