7
10
14
16
17
29
32
36
41
42
43
51
60
68
83
84
85
90
97
105
108
109
110
116
117
118
126
134
135
145
149
150
152
154
155
161
171
174
175
176
188
190
195
205
212
213
225
226
230
232
234
235
240
243
244
246
252
254
260
262
265
274
277
279
285
289
292
294
301
302
309
312
316
318
324
331
343
347
348
349
351
354
360
369
371
372
373
374
376
382
386
389
390
394
407
416
422
423
424
428
430
432
438
439
