3
4
6
12
19
21
22
24
27
31
34
40
45
47
48
49
50
54
55
57
61
63
64
67
70
73
74
76
77
79
81
82
87
88
89
92
93
96
99
100
102
103
113
114
120
122
123
130
132
139
140
141
142
147
157
160
163
168
169
170
180
181
183
186
187
193
194
198
202
204
208
209
211
218
220
223
224
228
229
237
238
249
250
251
259
267
269
271
273
276
281
283
288
291
295
297
298
304
306
314
315
321
322
323
328
330
333
334
338
340
342
345
346
358
359
364
379
381
384
385
388
396
400
402
403
405
406
409
410
412
414
415
421
426
427
435
