3
4
6
9
16
19
24
31
36
37
40
44
45
46
47
51
52
55
56
58
60
64
67
68
70
72
76
77
79
81
82
84
85
90
91
93
95
96
99
105
123
135
142
147
149
154
155
160
165
166
171
172
173
178
179
183
186
187
189
190
193
196
198
201
208
211
213
214
216
220
222
223
226
231
238
240
243
247
252
254
256
261
265
267
273
278
279
280
282
283
288
289
300
308
314
318
321
322
324
330
331
334
346
349
351
361
363
364
366
370
378
379
384
390
391
397
399
401
406
408
411
425
