7
11
13
14
17
18
21
26
27
30
33
38
39
41
42
54
57
59
61
63
65
69
80
86
87
88
102
103
107
108
111
112
113
114
116
117
119
120
125
126
129
132
133
134
136
138
141
144
145
150
151
153
156
158
161
162
163
174
175
177
180
191
192
195
197
199
203
204
207
209
210
215
217
219
225
228
232
233
234
237
239
241
245
246
248
249
250
255
258
259
262
264
266
268
270
274
277
285
286
287
291
294
297
301
303
304
309
310
312
315
316
319
326
327
328
332
333
335
336
337
339
340
342
343
344
345
347
348
354
356
357
358
359
362
367
369
371
372
374
375
376
381
387
388
392
395
402
404
405
409
413
414
416
417
423
424
