3
18
25
26
28
29
35
36
40
48
56
58
59
61
64
68
70
72
74
82
83
84
85
86
90
93
95
96
99
103
106
107
114
117
118
119
124
125
126
134
135
138
139
144
145
147
154
162
164
171
172
180
183
189
190
191
203
206
207
208
209
214
216
217
218
219
226
228
229
234
235
246
249
255
259
264
265
268
273
276
278
289
293
294
297
298
300
303
306
308
311
313
314
319
326
328
331
332
337
340
341
348
351
358
363
364
367
369
370
372
373
380
383
385
386
387
389
391
402
408
409
413
416
418
421
424
425
426
427
429
430
453
454
455
456
459
465
467
477
483
484
490
491
498
500
502
505
513
515
520
524
531
534
535
538
540
541
542
543
544
547
553
556
559
562
566
569
570
572
579
582
590
591
592
595
597
601
602
608
622
623
625
628
632
633
635
641
644
646
649
651
654
674
675
678
681
687
689
690
693
696
701
702
705
706
713
715
726
732
737
739
742
749
750
758
759
766
767
772
774
777
778
781
784
787
793
797
798
804
805
806
809
816
818
826
837
838
843
846
849
852
856
862
869
875
876
878
883
884
886
890
896
897
898
904
906
907
910
911
915
919
920
922
923
924
929
930
931
934
937
940
945
946
952
953
955
956
959
961
967
972
973
978
979
987
991
994
1000
1002
1005
1006
1018
1022
1029
1030
1032
1033
1035
1036
1040
1049
1054
1056
1057
1068
1069
1074
1075
1080
1081
1085
1088
1091
1102
1103
1105
1108
1117
1122
1129
1141
1145
1151
1155
1159
1161
1162
1166
1168
1169
1172
1173
1174
1175
1180
1181
1184
1186
1187
1195
1196
1201
1202
1203
1205
1209
1210
1212
1217
1219
1224
1228
1232
1239
1245
1249
1250
1251
1254
1256
1263
1267
1269
1275
1276
1278
1283
1284
1290
1293
1297
1303
1304
1311
1316
1318
1319
1320
1323
1327
1333
1339
1340
1345
1351
1354
1356
1361
1363
1365
1368
1369
1372
1374
1380
1394
1396
1399
1402
1410
1411
1412
1413
1414
1415
1420
1421
1424
1429
1430
1435
1439
1441
1446
1448
1449
1452
1453
1454
1459
1468
1473
1482
1488
1497
1502
1503
1506
1507
1515
1516
1518
1520
1521
1528
1544
1545
1549
1552
1553
1554
1555
1558
1564
1565
1577
1578
1588
1591
1596
1597
1600
1602
1608
1609
1612
1618
1625
1626
1633
1636
1638
1639
1645
1646
1647
1649
1654
1657
1658
1660
1663
1671
1672
1678
1681
1682
1684
1689
1690
1692
1693
1696
1698
1701
1702
1705
1706
1713
1714
1715
1718
1719
1722
1729
1730
1737
1742
1745
1749
1755
1756
1766
1770
1773
1774
1775
1777
1779
1791
1793
1798
1801
1803
1818
1824
1825
1828
1836
1840
1841
1842
1846
1852
1854
1855
1857
1858
1863
1867
1870
1871
1872
1876
1879
1880
1886
1890
1891
1897
1902
1905
1906
1908
1909
1911
1912
1917
1926
1933
1936
1937
1938
1940
1941
1944
1951
1960
1969
1973
1978
1980
1989
1992
1995
1998
1999
2005
2017
2018
2019
2020
2032
2038
2039
2041
2044
2045
2046
2047
2049
2052
2055
2069
2070
2075
2076
2078
2080
2081
2084
2092
2093
2098
2104
2107
2113
2115
2117
2119
2120
2122
2127
2129
2133
2134
2137
2142
2143
2144
2146
2152
2156
2157
2158
2164
2165
2170
2173
2174
2176
2177
2179
2193
2194
2195
2199
2200
2201
2218
2219
2221
2224
2238
2242
2243
2245
2246
2250
2255
2256
2275
2276
2280
2283
2286
2289
2291
2292
2295
2296
2297
2301
2310
2314
2315
2331
2333
2337
2338
2344
2345
2346
2347
2348
2350
2352
2355
2371
2374
2380
2383
2386
2388
2389
2390
2391
2393
2398
2400
2401
2412
2415
2416
2421
2423
2426
2428
2429
2434
2435
2436
2437
2439
2443
2452
2455
2458
2461
2465
2466
2468
2469
2470
2474
2475
2481
2491
2501
2504
2508
2509
2512
2515
2518
2523
2527
2531
2532
2533
2536
2539
2540
2546
2548
2549
2550
2560
2567
2571
2572
2583
2585
2586
2588
2596
2599
2600
2601
2602
2604
2611
2619
2620
2623
2625
2629
2630
2640
2643
2644
2647
2650
2652
2653
2654
2659
2673
2675
2676
2678
2680
2681
2690
2694
2698
2700
2704
2706
2710
2712
2715
2722
2723
2726
2727
2730
2731
2735
2736
2737
2738
2739
2745
2752
2756
2758
2761
2766
2777
2782
2785
2787
2788
2791
2792
2794
2802
2805
2806
2810
2825
2827
2831
2832
2837
2845
2847
2848
2850
2851
2857
2858
2859
2863
2864
2865
2866
2879
2881
2885
2886
2892
2893
2897
2899
2902
2914
2916
2918
2920
2926
2929
2935
2936
2941
2944
2949
2950
2951
2955
2956
2958
2959
2962
2969
2971
2977
2978
2984
2985
2989
2991
2993
2995
2997
3000
3004
3011
3012
3014
3015
3018
3021
3023
3024
3025
3033
3037
3039
3042
3050
3052
3056
3057
3063
3075
3077
3078
3082
3085
3086
3091
3094
3096
3098
3100
3105
3117
3124
3127
3128
3129
3137
3152
3154
3156
3157
3158
3164
3165
3174
3178
3179
3180
3185
3186
3191
3193
3196
3198
3202
3209
3210
3214
3216
3217
3221
3226
3227
3234
3235
3241
3243
3244
3246
3247
3254
3256
3257
3263
3265
3266
3276
3278
3289
3293
3295
3296
3299
3300
3301
3303
3307
3309
3310
3314
3315
3317
3320
3323
3324
3325
3327
3329
3336
3345
3348
3353
3354
3355
3361
3364
3365
3368
3371
3372
3376
3377
3381
3382
3384
3389
3390
3395
3396
3400
3406
3410
3418
3422
3423
3429
3430
3432
3436
3439
3440
3448
3456
3457
3472
3473
3475
3477
3481
3483
3495
3496
3498
3501
3502
3505
3506
3507
3510
3513
3516
3518
3522
3531
3542
3552
3553
3556
3558
3561
3562
3564
3565
3570
3576
3577
3578
3580
3581
3591
3593
3595
3600
3601
3606
3610
3618
3621
3622
3623
3625
3634
3636
3637
3642
3649
3650
3652
3653
3655
3658
3661
3669
3670
3672
3675
3679
3681
3682
3691
3695
3700
3702
3705
3708
3709
3725
3727
3734
3735
3743
3745
3749
3753
3756
3759
3760
3765
3766
3771
3773
3780
3787
3789
3796
3801
3802
3805
3806
3808
3813
3816
3817
3829
3830
3835
3840
3841
3845
3846
3849
3850
3857
3859
3861
3864
3865
3868
3875
3880
3894
3895
3903
3904
3907
3912
3921
3922
3926
3927
3928
3929
3936
3940
3942
3943
3945
3947
3948
3950
3952
3955
3956
3961
3968
3970
3971
3972
3973
3974
3975
3981
3993
3996
3997
3998
3999
4003
4004
4007
4009
4011
4014
4017
4030
4035
4036
4041
4042
4043
4051
4054
4056
4058
4059
4062
4063
4066
4078
4080
4081
4083
4084
4085
4089
4092
4095
4103
4104
4106
4108
4109
4110
4115
4116
4118
4121
4122
4130
4132
4135
4144
4147
4150
4151
4155
4160
4162
4167
4168
4171
4172
4174
4175
4176
4180
4185
4186
4189
4195
4197
4200
4201
4204
4205
4206
4212
4213
4216
4218
4219
4222
4223
4227
4230
4234
4238
4243
4245
4246
4252
4253
4257
4259
4261
4263
4264
4269
4276
4280
4282
4285
4286
4288
4298
4299
4300
4302
4306
4309
4311
4312
4315
4321
4322
4328
4334
4335
4339
4342
4344
4345
4351
4354
4356
4358
4360
4361
4363
4374
4375
4377
4378
4380
4381
4384
4387
4388
4398
4400
4402
4404
4417
4419
4420
4425
4428
4436
4438
4439
4443
4453
4465
4468
4471
4472
4474
4476
4478
4479
4483
4489
4491
4494
4498
4499
4505
4506
4508
4510
4511
4513
4520
4521
4522
4525
4527
4531
4539
4540
4543
4551
4552
4553
4554
4555
4557
4564
4567
4568
4570
4572
4577
4579
4584
4589
4592
4596
4600
4601
4612
4615
4616
4618
4620
4621
4622
4624
4629
4633
4635
4636
4637
4638
4639
4653
4655
4656
4660
4669
4670
4675
4677
4680
4682
4685
4687
4688
4690
4693
4694
4695
4697
4702
4712
4713
4714
4715
4717
4720
4725
4728
4729
4734
4735
4737
4745
4747
4748
4754
4755
4758
4762
4765
4768
4772
4773
4774
4777
4778
4779
4784
4786
4788
4789
4791
4794
4800
4801
4804
4806
4813
4814
4816
4820
4822
4824
4826
4836
4842
4846
4847
4857
4863
4864
4867
4868
4869
4870
4876
4877
4879
4881
4882
4885
4887
4890
4891
4900
4903
4904
4912
4913
4927
4932
4934
4936
4937
4938
4940
4942
4944
4948
4949
4957
4958
4963
4964
4965
4966
4969
4971
4981
4982
4983
4985
4990
4994
4996
5008
5009
5010
5012
5013
5015
5016
5017
5019
5020
5023
5025
5032
5035
5037
5039
5044
5046
5052
5055
5058
5061
5064
5067
5070
5077
5083
5088
5095
5096
5098
5101
5102
5103
5111
5112
5114
5116
5125
5131
5135
5137
5140
5153
5159
5164
5166
5172
5173
5183
5184
5185
5188
5191
5194
5197
5202
5203
5205
5206
5209
5216
5218
5219
5220
5227
5229
5231
5238
5245
5248
5254
5266
5267
5268
5272
5278
5281
5289
5291
5296
5312
5322
5330
5332
5349
5358
5359
5362
5364
5365
5377
5387
5392
5395
5399
5401
5402
5417
5418
5419
5422
5424
5427
5428
5429
5431
5433
5434
5436
5437
5440
5451
5455
5460
5467
5468
5474
5476
5479
5487
5488
5508
5509
5515
5518
5520
5521
5524
5530
5532
5534
5535
5536
5540
5541
5543
5548
5549
5554
5558
5559
5560
5562
5565
5566
5575
5576
5584
5588
5589
5593
5600
5602
5604
5606
5607
5611
5612
5617
5619
5623
5626
5630
5634
5640
5641
5644
5645
5651
5652
5653
5661
5666
5669
5673
5680
5682
5686
5688
5694
5710
5712
5714
5715
5716
5722
5725
5727
5734
5743
5745
5748
5749
5750
5752
5764
5767
5771
5773
5779
5786
5787
5789
5792
5799
5802
5803
5812
5815
5816
5818
5820
5822
5824
5832
5833
5836
5837
5844
5848
5857
5861
5863
5866
5871
5873
5874
5876
5877
5878
5879
5880
5882
5887
5888
5891
5892
5908
5909
5911
5914
5916
5922
5926
5927
5929
5930
5932
5933
5934
5936
5938
5941
5943
5947
5950
5953
5959
5966
5967
5971
5974
5978
5982
5989
6007
6010
6011
6019
6024
6032
6037
6039
6040
6043
6049
6052
6055
6061
6063
6064
6065
6067
6069
6075
6080
6081
6084
6085
6087
6092
6093
6096
6103
6105
6106
6114
6119
6121
6122
6124
6133
6137
6138
6141
6142
6150
6151
6154
6160
6163
6164
6178
6182
6185
6188
6189
6191
6196
6199
6200
6204
6222
6223
6226
6230
6232
6234
6237
6238
6241
6243
6244
6246
6248
6249
6254
6259
6260
6262
6264
6269
6271
6273
6282
6284
6285
6287
6288
6291
6292
6295
6299
6301
6305
6310
6316
6318
6319
6324
6327
6336
6337
6339
6343
6346
6349
6350
6351
6356
6358
6359
6361
6363
6364
6370
6371
6373
6375
6378
6379
6382
6387
6388
6389
6396
6400
6401
6408
6412
6414
6416
6423
6424
6427
6433
6442
6445
6447
6453
6455
6456
6457
6460
6462
6466
6467
6470
6473
6474
6484
6487
6489
6490
6492
6493
6501
6504
6505
6507
6514
6516
6525
6531
6532
6533
6534
6537
6540
6541
6542
6547
6552
6555
6556
6557
6568
6573
6576
6578
6579
6585
6586
6587
6592
6593
6594
6597
6600
6601
6602
6607
6608
6612
6613
6615
6622
6623
6624
6625
6629
6631
6635
6636
6642
6644
6645
6651
6652
6658
6660
6664
6668
6673
6677
6679
6688
6691
6693
6702
6705
6706
6708
6709
6711
6721
6723
6727
6737
6747
6748
6759
6760
6774
6775
6778
6781
6784
6785
6792
6793
6794
6798
6805
6811
6817
6818
6821
6822
6825
6826
6828
6830
6837
6839
6841
6848
6858
6859
6860
6863
6864
6866
6868
6870
6871
6873
6874
6875
6876
6877
6886
6887
6897
6898
6904
6909
6911
6912
6916
6922
6926
6927
6928
6937
6939
6940
6945
6964
6967
6976
6979
6981
7011
7012
7014
7017
7018
7023
7027
7030
7031
7033
7035
7038
7042
7043
7047
7048
7049
7054
7055
7056
7059
7069
7073
7074
7075
7081
7082
7084
7089
7092
7098
7102
7103
7106
7128
7138
7140
7141
7152
7156
7158
7159
7161
7170
7176
7183
7184
7185
7188
7191
7192
7195
7198
7201
7203
7205
7207
7210
7215
7218
7220
7224
7225
7228
7231
7232
7239
7242
7249
7252
7254
7255
7258
7259
7264
7266
7267
7269
7273
7279
7287
7294
7303
7305
7306
7308
7314
7317
7318
7319
7323
7324
7326
7336
7339
7342
7345
7352
7354
7362
7365
7367
7368
7372
7376
7377
7378
7379
7380
7382
7383
7384
7385
7386
7387
7389
7390
7393
7394
7396
7401
7408
7411
7425
7427
7428
7429
7432
7433
7440
7446
7451
7452
7465
7476
7478
7490
7492
7493
7496
7503
7504
7507
7508
7510
7528
7530
7535
7540
7543
7544
7548
7549
7554
7556
7559
7561
7562
7563
7564
7565
7567
7568
7573
7574
7576
7578
7584
7585
7586
7588
7590
7595
7596
7599
7600
7604
7608
7614
7617
7620
7621
7626
7627
7629
7647
7651
7652
7660
7662
7663
7665
7667
7670
7672
7675
7677
7678
7682
7685
7687
7695
7696
7699
7700
7702
7704
7705
7710
7711
7712
7714
7715
7720
7723
7725
7730
7732
7733
7736
7738
7743
7746
7748
7751
7752
7755
7756
7758
7759
7761
7763
7764
7765
7766
7776
7783
7784
7789
7795
7801
7802
7805
7807
7808
7811
7813
7814
7815
7816
7817
7820
7821
7823
7831
7834
7844
7849
7855
7857
7858
7860
7864
7865
7876
7877
7879
7880
7885
7886
7891
7894
7902
7905
7906
7908
7911
7913
7918
7919
7920
7922
7923
7930
7934
7941
7943
7945
7946
7947
7948
7950
7951
7954
7965
7966
7968
7969
7972
7974
7977
7979
7981
7986
7989
7992
7994
7996
8002
8003
8005
8007
8018
8023
8026
8028
8029
8032
8035
8039
8040
8043
8048
8050
8061
8062
8064
8065
8066
8067
8068
8072
8073
8077
8084
8089
8090
8092
8099
8107
8109
8112
8114
8126
8133
8136
8137
8145
8146
8148
8150
8154
8157
8159
8162
8163
8167
8168
8169
8170
8171
8173
8174
8178
8179
8183
8185
8187
8198
8212
8214
8217
8222
8223
8224
8230
8231
8233
8235
8240
8255
8257
8259
8268
8270
8274
8283
8284
8285
8286
8288
8292
8293
8296
8297
8298
8303
8304
8306
8307
8311
8313
8320
8322
8323
8325
8326
8329
8331
8338
8339
8344
8345
8349
8351
8352
8353
8356
8358
8359
8363
8366
8368
8371
8374
8385
8388
8395
8396
8402
8407
8411
8412
8417
8420
8422
8424
8428
8430
8431
8436
8438
8439
8446
8449
8451
8465
8466
8471
8472
8473
8482
8483
8484
8486
8491
8493
8494
8506
8507
8508
8512
8514
8524
8530
8531
8532
8533
8536
8540
8541
8547
8558
8559
8560
8563
8565
8566
8568
8572
8573
8575
8581
8582
8587
8592
8596
8607
8611
8612
8616
8621
8623
8631
8632
8638
8640
8641
8648
8649
8650
8652
8656
8665
8668
8669
8675
8679
8680
8685
8687
8691
8692
8702
8703
8706
8708
8709
8713
8715
8719
8720
8732
8733
8738
8740
8744
8752
8755
8757
8769
8770
8774
8777
8782
8785
8791
8792
8793
8794
8803
8806
8808
8809
8815
8817
8819
8820
8823
8827
8830
8832
8833
8836
8839
8841
8845
8852
8853
8858
8859
8860
8866
8868
8869
8874
8875
8879
8881
8883
8892
8894
8896
8897
8899
8901
8903
8907
8909
8912
8914
8916
8925
8928
8929
8930
8936
8938
8943
8950
8951
8952
8953
8959
8960
8964
8965
8970
8971
8972
8975
8978
8980
8987
8988
8994
8996
8997
9001
9002
9003
9004
9008
9016
9018
9022
9025
9031
9032
9039
9043
9045
9046
9053
9054
9057
9058
9059
9060
9062
9064
9066
9073
9074
9076
9077
9079
9080
9082
9085
9088
9089
9090
9093
9094
9095
9104
9109
9110
9115
9121
9124
9126
9129
9131
9134
9142
9143
9145
9146
9149
9150
9153
9157
9160
9163
9169
9172
9173
9176
9177
9178
9185
9191
9194
9195
9199
9204
9205
9207
9211
9214
9234
9235
9237
9241
9242
9243
9248
9249
9250
9255
9256
9261
9262
9273
9292
9294
9295
9300
9301
9308
9313
9316
9322
9323
9324
9327
9331
9336
9337
9350
9355
9362
9363
9364
9365
9366
9368
9370
9371
9376
9379
9388
9412
9414
9415
9417
9428
9429
9435
9436
9438
9439
9442
9444
9445
9448
9454
9456
9459
9463
9468
9470
9471
9474
9477
9479
9480
9482
9483
9487
9489
9493
9495
9503
9504
9510
9512
9517
9518
9521
9522
9523
9527
9528
9536
9540
9541
9544
9548
9550
9551
9553
9556
9560
9562
9565
9567
9570
9577
9580
9584
9585
9589
9595
9602
9603
9609
9613
9618
9619
9620
9625
9629
9630
9633
9634
9643
9645
9647
9648
9661
9662
9665
9666
9667
9674
9675
9676
9679
9682
9687
9692
9711
9723
9724
9727
9728
9729
9731
9732
9739
9741
9742
9749
9752
9760
9763
9768
9772
9773
9776
9777
9778
9782
9784
9793
9794
9795
9796
9798
9799
9800
9803
9804
9806
9812
9813
9814
9816
9820
9824
9829
9841
9843
9849
9851
9852
9855
9872
9875
9876
9877
9884
9888
9891
9892
9898
9905
9913
9915
9919
9922
9926
9927
9928
9937
9938
9939
9941
9950
9951
9961
9962
9966
9967
9968
9970
9974
9975
9978
9985
9988
9993
9997
9999
10000
10002
10004
10005
10010
10012
10014
10016
10017
10021
10023
10024
10026
10030
10038
10039
10042
10047
10054
10059
10064
10065
10069
10083
10084
10085
10086
10091
10092
10093
10096
10101
10103
10104
10106
10108
10109
10120
10121
10122
10127
10131
10133
10142
10143
10144
10147
10149
10165
10173
10174
10176
10178
10181
10182
10189
10190
10192
10195
10198
10203
10209
10210
10232
10239
10240
10241
10243
10246
10249
10250
10251
10261
10262
10264
10266
