9
10
11
23
24
33
34
42
49
55
57
65
66
67
75
76
77
78
81
87
97
100
101
104
105
109
112
115
121
127
128
129
132
141
146
151
155
156
168
170
173
177
181
182
185
187
192
193
195
198
212
230
252
262
266
269
270
274
285
290
310
315
317
323
330
342
343
345
346
349
353
354
356
359
365
368
375
377
382
392
396
405
411
417
422
431
432
437
442
443
446
447
449
451
475
480
487
493
495
506
507
509
510
516
525
526
527
532
550
551
558
561
573
576
578
581
584
587
600
605
606
609
610
612
613
615
629
631
638
647
653
655
657
658
659
660
662
663
664
666
668
669
671
679
682
686
688
692
694
698
699
710
720
722
727
729
741
756
762
763
764
768
771
773
779
782
785
788
789
792
794
799
810
812
815
819
820
828
834
850
857
858
859
860
863
867
870
873
879
888
891
900
917
926
942
949
963
965
966
974
976
981
985
986
989
993
996
1003
1010
1013
1016
1020
1023
1026
1031
1043
1044
1047
1050
1058
1061
1067
1071
1076
1079
1083
1086
1087
1089
1092
1093
1094
1097
1099
1109
1110
1113
1114
1119
1123
1127
1131
1133
1135
1143
1146
1154
1164
1170
1189
1197
1206
1207
1214
1218
1220
1229
1233
1235
1236
1247
1248
1257
1260
1261
1264
1265
1273
1281
1282
1291
1295
1300
1305
1307
1308
1309
1312
1314
1326
1335
1337
1342
1349
1364
1379
1381
1382
1383
1388
1390
1391
1397
1398
1403
1404
1406
1407
1408
1425
1426
1432
1444
1445
1451
1455
1456
1466
1479
1484
1494
1498
1500
1510
1512
1524
1525
1527
1530
1534
1535
1540
1541
1546
1548
1550
1556
1560
1562
1563
1568
1570
1571
1573
1575
1581
1584
1592
1594
1605
1611
1613
1615
1619
1620
1627
1631
1635
1642
1651
1661
1666
1668
1670
1673
1674
1675
1679
1680
1685
1687
1694
1709
1720
1724
1725
1727
1731
1732
1734
1744
1746
1747
1762
1776
1781
1785
1787
1788
1796
1797
1799
1802
1806
1808
1812
1814
1815
1821
1822
1823
1826
1832
1834
1837
1839
1844
1848
1850
1861
1866
1868
1874
1882
1883
1887
1894
1895
1898
1900
1907
1914
1918
1922
1924
1928
1929
1930
1931
1949
1950
1952
1956
1957
1958
1965
1967
1974
1976
1983
1985
1996
2002
2008
2009
2011
2012
2022
2024
2028
2034
2043
2058
2060
2061
2062
2064
2065
2067
2071
2073
2082
2085
2087
2088
2099
2108
2109
2111
2123
2124
2135
2139
2148
2150
2153
2154
2160
2168
2178
2180
2182
2184
2187
2189
2196
2202
2205
2206
2209
2222
2225
2229
2234
2252
2253
2259
2261
2263
2269
2271
2279
2284
2299
2306
2318
2324
2325
2326
2334
2339
2340
2341
2358
2361
2366
2367
2369
2372
2373
2376
2378
2381
2394
2396
2403
2406
2408
2420
2427
2432
2442
2445
2451
2454
2462
2463
2472
2478
2484
2485
2488
2489
2493
2495
2496
2497
2498
2500
2510
2513
2516
2520
2524
2528
2529
2544
2553
2555
2556
2558
2564
2577
2580
2591
2605
2607
2610
2612
2616
2617
2635
2638
2642
2646
2657
2668
2669
2670
2683
2684
2686
2695
2696
2697
2701
2702
2709
2713
2716
2717
2718
2719
2721
2724
2732
2744
2748
2751
2754
2759
2762
2768
2772
2775
2778
2784
2796
2798
2800
2811
2812
2813
2815
2817
2821
2828
2835
2838
2854
2872
2874
2876
2877
2883
2887
2889
2909
2923
2924
2927
2928
2931
2934
2939
2942
2960
2965
2967
2974
2979
2982
3003
3006
3008
3016
3026
3027
3028
3030
3031
3036
3047
3058
3059
3065
3066
3067
3069
3071
3080
3103
3108
3112
3113
3114
3119
3121
3125
3130
3131
3133
3135
3138
3139
3142
3144
3147
3149
3150
3159
3162
3167
3168
3169
3181
3182
3187
3189
3199
3208
3222
3223
3224
3228
3230
3237
3238
3240
3251
3260
3268
3269
3272
3274
3281
3284
3285
3287
3290
3294
3306
3318
3321
3330
3332
3337
3338
3339
3340
3341
3343
3347
3351
3352
3356
3366
3391
3392
3393
3403
3404
3414
3425
3434
3437
3443
3446
3451
3453
3459
3460
3462
3465
3467
3468
3469
3478
3487
3490
3492
3499
3508
3524
3525
3527
3534
3537
3543
3545
3548
3554
3559
3566
3573
3574
3587
3597
3598
3602
3607
3611
3626
3627
3629
3630
3633
3635
3645
3647
3662
3664
3667
3671
3673
3680
3683
3687
3693
3697
3698
3701
3706
3713
3717
3720
3723
3728
3729
3737
3739
3740
3741
3742
3754
3757
3761
3762
3767
3768
3770
3774
3775
3781
3785
3788
3792
3794
3795
3797
3798
3807
3810
3811
3820
3822
3825
3836
3842
3843
3851
3856
3860
3871
3872
3874
3876
3878
3882
3885
3888
3890
3891
3896
3900
3901
3905
3908
3910
3914
3916
3917
3919
3923
3924
3925
3930
3932
3934
3937
3944
3953
3957
3958
3962
3963
3965
3969
3978
3982
3984
3985
3987
3989
3991
4005
4020
4024
4025
4032
4037
4038
4039
4045
4049
4050
4052
4060
4065
4068
4069
4070
4071
4074
4077
4087
4090
4096
4098
4100
4114
4119
4123
4124
4125
4126
4127
4131
4138
4140
4142
4145
4152
4153
4161
4163
4169
4179
4181
4182
4187
4202
4207
4208
4209
4214
4217
4221
4225
4228
4236
4242
4248
4250
4266
4272
4283
4290
4293
4295
4296
4310
4317
4319
4326
4330
4331
4332
4333
4336
4338
4346
4348
4368
4370
4371
4372
4386
4390
4391
4393
4394
4395
4407
4411
4413
4422
4423
4430
4431
4434
4440
4446
4447
4448
4454
4455
4459
4460
4461
4466
4469
4475
4482
4488
4496
4514
4516
4528
4529
4532
4534
4535
4536
4559
4560
4562
4575
4586
4588
4594
4597
4604
4607
4609
4630
4641
4645
4647
4649
4657
4659
4662
4664
4673
4674
4676
4678
4686
4699
4705
4706
4710
4722
4726
4732
4739
4743
4750
4751
4759
4766
4767
4769
4770
4776
4780
4782
4785
4792
4795
4797
4802
4803
4807
4808
4809
4810
4811
4812
4823
4830
4833
4834
4838
4840
4843
4844
4845
4859
4872
4880
4886
4888
4893
4896
4897
4898
4901
4907
4910
4916
4918
4919
4924
4929
4951
4953
4959
4968
4974
4989
4997
4998
5001
5003
5004
5005
5027
5029
5030
5040
5043
5047
5048
5051
5056
5068
5071
5075
5079
5085
5089
5092
5093
5099
5108
5109
5119
5122
5123
5133
5134
5141
5142
5150
5155
5157
5158
5162
5169
5170
5174
5176
5177
5180
5181
5190
5192
5195
5210
5211
5212
5221
5224
5225
5230
5240
5243
5246
5250
5256
5258
5259
5260
5264
5270
5277
5283
5292
5293
5297
5298
5300
5301
5304
5306
5309
5311
5317
5320
5323
5324
5328
5334
5335
5336
5337
5340
5347
5352
5366
5367
5368
5370
5373
5375
5380
5381
5382
5384
5393
5396
5406
5411
5412
5414
5430
5435
5438
5441
5442
5445
5453
5454
5456
5457
5459
5461
5462
5464
5465
5471
5472
5473
5478
5480
5484
5485
5486
5490
5492
5493
5496
5498
5500
5501
5511
5513
5514
5526
5527
5528
5537
5538
5544
5546
5550
5564
5569
5573
5582
5596
5597
5601
5613
5622
5624
5627
5632
5636
5642
5650
5655
5659
5662
5664
5667
5675
5684
5692
5699
5704
5707
5718
5721
5724
5729
5732
5736
5741
5751
5753
5754
5757
5765
5769
5770
5775
5783
5784
5793
5794
5800
5801
5805
5809
5817
5826
5830
5834
5839
5840
5841
5845
5846
5850
5852
5854
5858
5859
5862
5864
5867
5868
5869
5881
5883
5889
5896
5897
5898
5901
5905
5906
5913
5920
5937
5939
5945
5955
5956
5960
5962
5964
5968
5975
5983
5985
5986
5991
6000
6001
6003
6004
6012
6013
6015
6020
6021
6023
6025
6027
6031
6034
6035
6036
6041
6042
6045
6053
6056
6057
6072
6076
6083
6088
6098
6099
6109
6111
6127
6130
6131
6139
6143
6144
6148
6155
6158
6161
6162
6170
6171
6174
6176
6192
6201
6203
6206
6207
6210
6213
6215
6216
6228
6235
6236
6239
6251
6252
6256
6258
6274
6276
6280
6281
6294
6296
6297
6308
6313
6317
6320
6321
6322
6329
6333
6344
6345
6347
6362
6365
6383
6384
6385
6392
6394
6397
6398
6403
6405
6410
6420
6421
6428
6429
6435
6439
6441
6443
6448
6450
6454
6458
6464
6471
6475
6476
6480
6485
6486
6488
6491
6494
6495
6496
6502
6503
6509
6510
6511
6518
6526
6535
6538
6545
6549
6551
6553
6561
6567
6570
6577
6582
6588
6603
6617
6619
6626
6627
6630
6632
6637
6639
6646
6648
6650
6661
6662
6665
6666
6674
6681
6682
6684
6696
6697
6700
6703
6712
6714
6718
6719
6724
6725
6733
6740
6742
6743
6744
6745
6750
6753
6754
6761
6765
6768
6771
6779
6787
6790
6795
6803
6804
6806
6807
6814
6816
6833
6843
6844
6849
6850
6853
6878
6881
6882
6891
6893
6900
6906
6907
6910
6913
6914
6917
6918
6920
6923
6929
6930
6933
6938
6941
6942
6943
6947
6950
6954
6959
6960
6961
6962
6965
6966
6969
6970
6973
6977
6983
6984
6986
6989
6993
6996
6999
7002
7004
7005
7013
7019
7020
7022
7024
7028
7050
7060
7061
7065
7068
7070
7077
7086
7087
7088
7090
7093
7107
7110
7112
7114
7121
7123
7124
7125
7126
7130
7131
7132
7142
7143
7146
7153
7155
7160
7162
7164
7167
7173
7179
7180
7181
7186
7189
7193
7196
7199
7202
7204
7208
7209
7211
7212
7213
7223
7226
7229
7233
7236
7245
7246
7247
7271
7275
7281
7283
7289
7296
7297
7298
7299
7300
7321
7327
7330
7332
7337
7343
7344
7347
7349
7350
7353
7355
7356
7360
7364
7366
7370
7371
7373
7374
7391
7397
7398
7399
7404
7406
7409
7412
7415
7418
7419
7421
7434
7436
7438
7439
7443
7449
7455
7457
7458
7460
7461
7463
7466
7467
7469
7472
7474
7482
7500
7505
7511
7514
7516
7521
7524
7526
7532
7541
7545
7551
7558
7571
7580
7581
7582
7601
7602
7603
7605
7611
7612
7619
7622
7623
7624
7632
7635
7637
7638
7641
7649
7653
7656
7658
7659
7668
7679
7680
7681
7683
7684
7686
7688
7689
7690
7692
7701
7706
7709
7716
7717
7721
7727
7728
7729
7739
7744
7762
7770
7771
7774
7777
7778
7779
7780
7791
7798
7809
7818
7827
7830
7832
7833
7835
7836
7838
7839
7842
7843
7845
7852
7869
7871
7881
7882
7883
7888
7897
7898
7899
7909
7914
7926
7932
7933
7936
7953
7960
7962
7967
7970
7975
7976
7983
7985
7990
7998
8009
8012
8015
8020
8021
8036
8038
8042
8044
8046
8052
8053
8055
8057
8058
8074
8086
8087
8093
8094
8115
8116
8117
8121
8123
8124
8127
8129
8141
8142
8143
8149
8152
8155
8158
8176
8181
8188
8189
8191
8193
8195
8197
8199
8202
8204
8207
8209
8220
8226
8228
8234
8241
8244
8246
8247
8261
8262
8264
8265
8267
8271
8272
8275
8277
8278
8280
8287
8289
8295
8299
8300
8301
8308
8309
8335
8337
8340
8342
8346
8348
8350
8354
8360
8364
8369
8375
8377
8378
8379
8382
8391
8400
8401
8415
8416
8418
8425
8427
8429
8435
8442
8448
8454
8455
8457
8458
8459
8468
8474
8478
8479
8487
8495
8496
8497
8498
8501
8503
8510
8513
8516
8517
8519
8521
8529
8538
8542
8544
8545
8549
8554
8555
8556
8570
8577
8579
8588
8589
8594
8595
8598
8600
8601
8603
8605
8606
8614
8617
8628
8643
8645
8653
8654
8658
8659
8660
8661
8662
8670
8672
8673
8674
8677
8688
8694
8696
8699
8700
8716
8721
8725
8727
8731
8734
8735
8737
8742
8747
8748
8760
8763
8766
8773
8778
8783
8786
8795
8825
8828
8837
8844
8848
8849
8856
8861
8863
8871
8884
8886
8887
8889
8890
8905
8910
8919
8922
8947
8966
8967
8973
8976
8977
8979
8981
8982
8985
8998
9005
9013
9021
9026
9027
9028
9036
9042
9049
9051
9069
9071
9091
9100
9106
9108
9117
9118
9132
9133
9135
9139
9140
9158
9165
9167
9170
9174
9180
9182
9183
9184
9186
9189
9192
9202
9215
9217
9222
9224
9225
9228
9229
9244
9246
9251
9252
9257
9263
9264
9270
9276
9278
9282
9283
9288
9303
9304
9310
9311
9314
9329
9339
9347
9352
9357
9358
9369
9373
9381
9383
9387
9389
9391
9396
9398
9404
9405
9409
9418
9421
9423
9427
9432
9440
9451
9460
9465
9472
9475
9478
9484
9485
9497
9498
9501
9508
9513
9516
9529
9531
9535
9542
9546
9561
9571
9572
9590
9592
9596
9597
9598
9600
9606
9636
9638
9640
9652
9653
9654
9656
9659
9669
9672
9685
9686
9693
9695
9696
9697
9699
9700
9702
9705
9708
9712
9714
9715
9718
9720
9726
9734
9735
9745
9746
9747
9750
9751
9753
9754
9756
9757
9766
9774
9775
9779
9780
9781
9783
9786
9788
9790
9791
9797
9807
9810
9811
9818
9821
9825
9826
9830
9836
9842
9844
9853
9856
9858
9859
9867
9868
9870
9879
9880
9882
9883
9886
9893
9894
9899
9900
9908
9911
9916
9917
9924
9931
9932
9935
9944
9947
9948
9953
9957
9958
9980
9981
9983
9990
9994
10008
10029
10032
10033
10035
10044
10049
10050
10051
10052
10058
10067
10071
10075
10076
10077
10098
10112
10114
10116
10123
10125
10129
10130
10132
10134
10136
10137
10139
10140
10145
10152
10161
10163
10167
10170
10177
10179
10185
10206
10212
10216
10220
10221
10223
10224
10225
10231
10233
10236
10253
10256
10258
10259
10267
