2
11
14
17
20
21
23
26
28
30
34
35
48
58
59
61
63
65
69
70
72
75
84
85
96
98
107
110
120
122
128
136
138
140
141
144
146
147
149
162
173
175
182
191
199
200
204
205
206
210
214
216
222
225
229
233
236
243
250
252
256
260
262
274
277
280
283
287
288
290
298
300
303
304
312
319
321
322
333
334
335
338
342
343
345
353
364
365
370
374
376
379
382
383
384
391
392
393
398
400
401
414
415
418
423
426
429
433
441
444
446
457
459
462
465
468
481
482
484
493
494
497
499
503
506
507
519
520
523
530
533
544
548
549
552
555
569
572
575
578
580
587
588
594
600
603
606
609
621
623
625
627
633
639
643
645
647
648
649
650
651
653
661
667
679
680
692
710
717
731
736
738
739
742
749
752
770
775
776
786
792
794
797
800
808
810
814
815
821
831
834
838
840
843
845
846
848
851
852
853
858
866
873
874
879
885
886
888
897
903
906
908
920
925
926
927
933
935
939
944
950
951
958
960
967
969
971
985
986
992
1003
1004
1011
1013
1018
1020
1022
1023
1027
1029
1037
1039
1040
1049
1050
1057
1058
1061
1062
1072
1082
1085
1089
1093
1096
1101
1102
1104
1110
1116
1126
1132
1134
1143
1145
1161
1166
1167
1170
1175
1176
1179
1187
1191
1192
1194
1196
1197
1199
1200
1208
1212
1219
1220
1229
1233
1240
1241
1250
1251
1262
1269
1271
1275
1283
1284
1287
1290
1293
1294
1295
1298
1304
1305
1306
1311
1312
1317
1325
1327
1328
1331
1332
1334
1337
1353
1354
1355
1360
1362
1368
1369
1374
1376
1384
1385
1387
1389
1397
1408
1409
1419
1430
1431
1441
1444
1445
1446
1450
1451
1452
1453
1462
1474
1478
1485
1487
1494
1500
1501
1503
1507
1516
1519
1534
1535
1550
1554
1559
1565
1570
1580
1582
1589
1590
1591
1592
1598
1600
1602
1603
1608
1617
1618
1621
1622
1625
1628
1631
1634
1636
1640
1649
1654
1655
1657
1661
1663
1666
1668
1671
1675
1677
1679
1684
1686
1691
1693
1695
1697
1698
1699
