1
4
5
9
10
12
15
18
29
31
33
37
39
40
45
46
47
51
53
55
57
60
64
66
71
74
79
80
82
83
87
88
90
92
94
99
101
103
105
108
111
113
114
115
116
118
119
123
124
126
129
130
132
134
142
143
152
153
155
157
158
161
163
164
168
169
170
171
174
178
179
180
183
184
186
192
198
203
211
212
213
217
218
220
232
240
241
242
246
248
254
255
258
265
267
270
271
273
276
284
286
293
294
295
297
301
302
306
308
310
311
315
316
323
327
330
332
337
340
341
344
347
350
354
355
357
359
362
367
372
378
381
386
387
388
395
396
397
399
406
407
409
411
412
417
424
425
428
431
436
437
439
440
447
448
453
456
464
471
474
475
476
477
478
485
487
488
489
490
491
496
498
508
509
510
511
512
513
516
517
518
522
524
528
529
535
536
539
540
541
545
547
550
551
554
556
557
558
562
563
564
566
567
586
590
593
597
601
604
611
614
615
617
618
619
626
629
631
632
636
638
642
644
658
660
663
664
666
668
670
673
674
676
677
682
683
689
690
691
693
696
697
698
699
700
702
706
707
708
712
716
719
720
722
723
727
729
730
733
734
737
740
745
747
750
753
755
762
764
766
767
768
769
771
772
774
779
780
783
784
789
790
791
795
801
805
807
809
813
817
819
820
824
825
826
828
830
837
844
847
850
855
857
859
861
864
869
872
877
878
880
882
883
890
892
894
899
907
909
910
911
913
916
924
929
931
932
936
937
938
943
946
948
949
955
956
957
963
964
965
966
968
972
973
974
975
976
979
981
982
983
984
988
990
997
999
1002
1006
1009
1010
1021
1025
1026
1030
1032
1038
1048
1060
1064
1065
1075
1077
1080
1081
1086
1088
1092
1097
1103
1106
1109
1112
1113
1114
1115
1118
1121
1128
1131
1133
1137
1142
1147
1148
1150
1153
1155
1157
1158
1159
1160
1165
1169
1171
1172
1174
1177
1180
1181
1183
1184
1185
1188
1189
1190
1198
1202
1203
1204
1205
1207
1210
1211
1213
1215
1217
1222
1224
1227
1234
1235
1236
1238
1243
1244
1247
1253
1254
1255
1256
1257
1258
1260
1261
1263
1265
1267
1268
1272
1273
1274
1276
1277
1278
1279
1280
1281
1286
1289
1301
1303
1309
1313
1315
1316
1322
1323
1335
1340
1341
1342
1343
1346
1347
1348
1350
1351
1358
1361
1364
1367
1371
1372
1373
1378
1379
1381
1382
1388
1391
1392
1393
1394
1395
1398
1399
1401
1402
1403
1406
1407
1410
1411
1412
1413
1414
1415
1417
1418
1423
1424
1427
1428
1429
1434
1435
1436
1448
1449
1454
1457
1459
1460
1461
1466
1468
1469
1471
1473
1477
1481
1482
1483
1489
1490
1492
1493
1498
1502
1505
1508
1512
1513
1514
1515
1517
1521
1523
1526
1527
1530
1531
1532
1533
1536
1537
1538
1540
1542
1544
1545
1546
1547
1548
1549
1551
1553
1557
1560
1561
1562
1568
1569
1572
1573
1575
1576
1579
1583
1586
1588
1597
1601
1605
1606
1615
1620
1626
1632
1647
1648
1651
1660
1669
1670
1680
1682
1687
1689
1690
1692
1696
1700
1701
