7
10
14
16
17
29
32
33
38
41
42
43
51
60
83
84
85
90
94
97
105
108
109
110
116
117
118
126
134
135
145
149
150
152
154
155
161
171
174
175
176
188
190
195
205
207
212
213
225
226
230
232
234
235
240
243
244
246
252
254
255
260
261
263
265
274
277
279
285
289
292
294
301
302
309
312
316
318
319
324
327
331
336
343
347
348
349
352
354
360
369
371
372
373
374
376
377
382
386
389
390
394
407
416
422
423
424
428
429
430
432
439
441
