7
12
14
24
29
32
36
38
42
43
51
71
83
84
85
94
96
97
105
108
109
110
116
117
118
126
132
135
141
144
145
149
150
152
155
156
158
161
162
165
171
174
175
176
177
183
188
190
195
205
209
212
213
224
225
227
232
234
235
244
246
252
254
255
260
261
262
265
274
277
279
285
289
292
301
302
309
312
316
318
319
331
338
339
347
351
352
357
360
369
371
372
373
374
382
386
389
390
394
407
410
416
417
422
423
424
428
429
431
432
438
439
441
