1
8
13
15
17
20
23
25
26
31
34
37
39
40
52
53
58
59
65
66
68
75
78
80
81
82
90
91
107
111
115
119
121
131
133
142
143
163
166
172
173
178
179
180
184
185
189
191
196
197
199
200
208
219
221
226
228
229
230
233
239
242
247
248
253
263
268
272
273
278
284
286
287
293
299
305
307
308
313
314
324
325
326
337
348
349
353
361
362
363
365
366
370
377
383
395
397
398
400
406
411
418
433
435
437
440
444
