3
4
5
16
18
19
21
22
27
28
41
45
47
48
49
50
54
55
57
61
63
64
67
70
73
74
76
77
79
87
88
89
92
93
99
100
103
113
114
120
122
123
130
134
139
140
147
154
160
168
169
170
181
186
187
193
194
198
201
202
204
207
216
217
218
220
223
231
237
238
241
249
250
251
259
264
267
269
271
276
281
283
288
291
295
297
298
304
306
315
321
322
323
328
330
333
334
336
340
345
346
358
359
364
376
378
379
381
384
385
392
393
396
399
402
403
405
409
412
414
415
419
421
426
434
443
