3
6
7
16
19
24
27
43
49
52
62
67
68
76
78
91
97
100
106
112
117
121
127
139
150
151
154
159
166
167
176
185
187
188
189
190
193
201
207
208
209
215
223
226
227
230
231
237
238
239
247
249
251
253
268
272
278
279
289
291
292
307
313
314
318
320
328
329
331
346
348
349
351
356
358
360
363
366
368
373
375
385
389
390
394
408
413
419
420
430
435
442
443
445
450
451
454
458
466
469
470
472
479
495
500
501
504
505
514
515
531
553
559
560
561
565
568
574
576
579
581
582
583
584
607
610
620
630
634
637
640
646
652
654
655
656
657
665
671
675
678
684
687
688
694
701
709
711
713
714
715
721
724
725
726
728
732
743
744
751
754
759
760
761
763
778
781
787
788
796
798
799
804
806
811
822
823
827
829
832
835
836
841
842
856
865
871
875
887
891
898
900
901
902
904
917
930
934
942
952
953
954
959
970
977
987
989
993
994
1000
1001
1005
1007
1008
1012
1017
1031
1033
1034
1042
1043
1044
1045
1051
1054
1055
1063
1066
1067
1068
1069
1070
1071
1073
1074
1078
1079
1083
1084
1087
1090
1091
1094
1095
1099
1100
1117
1119
1122
1123
1124
1125
1129
1130
1135
1138
1141
1146
1149
1151
1162
1168
1173
1186
1195
1201
1206
1209
1218
1225
1228
1230
1231
1232
1237
1239
1252
1259
1264
1266
1282
1285
1288
1291
1292
1299
1300
1307
1308
1318
1321
1326
1329
1330
1338
1339
1345
1349
1356
1357
1366
1375
1377
1380
1386
1390
1396
1400
1420
1425
1426
1432
1433
1438
1439
1442
1447
1463
1465
1475
1479
1480
1484
1486
1491
1495
1496
1497
1504
1522
1524
1525
1528
1541
1543
1552
1555
1556
1558
1563
1566
1567
1577
1578
1587
1593
1594
1596
1609
1612
1616
1623
1624
1629
1630
1633
1641
1642
1643
1644
1645
1652
1658
1659
1662
1664
1672
1673
1674
1683
1685
1688
1694
