8
13
22
25
32
36
38
41
42
44
50
54
56
73
77
81
86
89
93
95
102
104
109
125
131
133
135
137
145
148
156
160
165
172
177
181
194
195
196
197
202
219
221
224
228
234
235
244
245
257
259
261
263
264
266
269
275
281
282
285
296
299
305
309
317
324
325
326
336
339
352
361
369
371
377
380
402
403
404
405
410
416
421
422
427
432
434
438
449
452
455
460
461
463
467
473
480
483
486
492
502
521
525
526
527
532
534
537
538
542
543
546
570
571
573
577
585
589
591
592
595
596
598
599
602
605
608
612
613
616
622
624
628
635
641
659
662
669
672
681
685
686
695
703
704
705
718
735
741
746
748
756
757
758
765
773
777
782
785
793
802
803
812
816
818
833
839
849
854
860
862
863
867
868
870
876
881
884
889
893
895
896
905
912
914
915
918
919
921
922
923
928
940
941
945
947
961
962
978
980
991
995
996
998
1014
1015
1016
1019
1024
1028
1035
1036
1041
1046
1047
1052
1053
1056
1059
1076
1098
1105
1107
1108
1111
1120
1127
1136
1139
1140
1144
1152
1154
1156
1163
1164
1178
1182
1193
1214
1216
1221
1223
1226
1242
1245
1246
1248
1249
1270
1296
1297
1302
1310
1314
1319
1320
1324
1333
1336
1344
1352
1359
1363
1365
1370
1383
1404
1405
1416
1421
1422
1437
1440
1443
1455
1456
1458
1464
1467
1470
1472
1476
1488
1499
1506
1509
1510
1511
1518
1520
1529
1539
1564
1571
1574
1581
1584
1585
1595
1599
1604
1607
1610
1611
1613
1614
1619
1627
1635
1637
1638
1639
1646
1650
1653
1656
1665
1667
1676
1678
1681
